881 nm 08110609.

, . 21.· 88111622· ”””’μ81’.’.’.’.’.’8’11,’1’1’6,”66.

1666661166 1, 815, 18. 880, 20. 11, 861666 66111, 110, ’11.
&m 81’,18.” . ’.,’ψᾜρίᾶ 161 6661861666

16606 68616 1’1, 227, 18.

’.6166160 ⁶²⁶ ¹⁶ 6616166166...
1666616611, 255, 21. 11,890,11. 616661866666111,157,
1666666611, 80819. 111,11,9. 10. 616868666666 1,27, 18. 282,
tuoe, ta 16, 66, 66. 66. 666, 66. 66, 666, ’.66 6666...
11666’,,”11’81 8. 6168166161161112188. 2186
1μι1ή6666611,161,17. · 4118161861, 2821.11,501,1”’
16611666118111 111,199,19. 16 66760666 11, 208. 12.

251. 19. ’ 168666166111, 188, 2.
1,ι.,11.6666661,661,16.666,21. 1681866166111, 888, 20.

169 ,6986666661νῦ, 811, ’18. 519,9. 1680666661 7668666 11, 801, 11. 518,
hmnffl,mu ¹ n.mw.mw'fflffi
&wimar 111, 219, 9. ’,819 18. 889,28.111,20,.1 1741.
2686061, 880,’ω. 191, 28. 22820. 211111. 2889.
1166661618528. 2158. 297, 10. 810, ’20. 880, 1.
11668666666’66666 111, 219.9. ..6166166ι·Ρ6’μ616611,’16,6.
1166681666661,180, 1’8. 66666666661671 11, 558, 2.
1166626886τᾶ 0618117018. 180, 6666116166 111, 180, 28.

hai& 6666 66168661, 1817. 111, 11181888110111816266 5

18,12. 19,5. 70, 21. 82 18182, 66666666686611,808,11. 1111121,

66616 66616 6616 229.- 66.

18. 2888. 210, 2. 2722. 297, 66666ψῶ1661287, 11.

19.298,’5. 6661116666(6611661χ166666)11,518,8.
1166116660666 111, 19,9. 6616666 66666666,1,112,11·
1η16166ι,61,111’8.150,2. 1181, 61666·η66161”611818’661,’296,9.

102021020217· 6666661666111,118,15 6666661666
1660616661866611 18817.111,116,Ἰ1.666666166661,52,1.
inuramus· 11’, 87, ’.7 121,18.’ 12881171815818.
1666686866 111, 251, 2’8. 111, ’,117 7.

11....6666616 1’81, 1. 616166 66186611, 261, 12. 151, 17.
ennom 66 666’ 66. 6666. lnt- 11166. 66616 6666 66166

...68161661 66666616 61666166,
166666661116661, 219, 28. 11. 201, 8. 218, 22.’ 111. 11. 198,
16666088661,282,1’.1 20. 688661 66861661,,.2578 818,
1 16611, 818, 8. ’.21 889, 8. 888.18.’101’8. 128,

611116111111,17. 2. 111,’10. 187, 7. 11, 88, 15.
‘molum‘ 161111, 1’2, 12. 1681 822. ..188,21 877, 18. ’,880 21.
, 1Μαοι.’1”’11,220,20.. 177,.,.’.888825888

16,6126,”1’66’11,6’6,6 1. uma. 66618116185115. 859,2. 1725.
’ 1881686ὀ’68’νῑ8”1,6211’2’11.16886’616866186 corrupte 111, 99, 20.
””,’1’.’11”6.’661.’6.86, 6666 16. 66118 1112185, ’11.””’ ”

29211 8818. 87,18. 1’,10 17. 118, 161181981666611, 15811.

19. 155, 21. eum 6661611661, 51, λε χοῦς, 6616, 1, 2’55, 7’.

8.107,17.111,21.181,11.111’ 1η666161111,’11’9,8.

71,18’ 117, 21’ oum conjunctivo ,6118660616 11,’282, 11. =

1,’11,18. 6111666616. 12788. ‘usage 1661666, 111, 80,11.’ άμ-

, 280 8. 111, 120, 6. m 1686161666 ”’666616661166631111 881822

Ι1111817. 199,9’.828,20.827,11. 6166166οε16 11, 188, 1’8. oh 61866

· 66661 . mmmmm

 

