504 INDEX fflsromcns

66666616111,802,8.86666(16166 86166666116661,84,11.110”6616- ,

161666666οο oxi 't 11, 815, 7. By· 11661 60116661 1, 84, 12.

nntium 6616666 1, 82115. Ger· 16666666 dux in Lwooon 6611111661,
noni 61166 666666 ducit 11. 806, 5817.

8. 16 Italion 66666666 11, 880, 4. Irin fio. 06166661 Ponti 611611 1, 88,
849, 20. (16110661606160616 vin- 20.

61111, 851101166616666180611666 166666 616616666166, Ν6666116 61166-
11854, 7. 66 Hydruntem 6661161111, 111 frater, nd 1166666. tronoingn 1,
878, 8. Tarentum munit 11876, 5. 79, 9. 16666166 dnx 1, 262, 1.
dissidet 6 8616661611, 886, 9. 66- Ν6666166616616666 66661666 pugno
166666 Romanu 6661 6111, 888,15. 6606166111, 265, 2016116111· pro-
invadenti Totiloo 11189115. 16616611, 880, 4. 850, 5. 8661666
adiungit 66 1161166616 11, 402, 14. 1166166. 6666666166666 11, 854, 22.
auxiliorum dux 16 (16666166 11426, 666 1666611616 8611666166 16606111,
5. intono in 11611666 666166 1166666 858, 6. 616661111859,10.

11, 451. 18. 8616616 hyemat 11569, 1666661666 6111661190, 18. 95,
15. 572, 5. 666166 1666116666 116- 22.6116(161106611,8616.168
1661666 11, 578, 8. 6166 666116 6616 22. 172, 16. 194, 16. N 6116
6666166661666611579,12. victor 66 6111, 801, 11. 61 6
8616666 6611111584, 21. 11666611 1181 18. Roman Τ611166 pro-
66 adiungit 11, 598, 9. 1666611666 dunt 11, 860, 21. iterun 11,
66661116 expedit 11, 601, 19. 6161 860,21.1616666166616ςί6 Zeno 1,
666166 ’16161666 in 6616 11, 618, 5. 842,17.16666166661661611.140,10.

866666666666111,680,19.Ν66- 16116160666666 nox Theodosii ¹

6611 victori 666166 nt Got- 16616161661116 optimo ndminiotnt
thiooonoodot 11, oizffi 616- 1. 116. ⁸ 1
gionss, 185, 7. Indignum, 00666616 61 1668666666

166666111666166166666116161· . letum, Dm 1111 00900111

0611011866 6666111111

. :antinoon 110 8118110811.έῖ ψ
· ou, 6661111166 11, 589, 10.

1166616161· oum monum 6

6666166ιο 16160666, 6660116161 fflffifffihzl’ffl’lz ''Q''

6116619417· 66.61.666666.66.6661
166666666116661616 tyrannos 116- 104 2,
66113167. 00114811 Ῑ. 138· 8· 1616611, 80, 14. 6166 1666 61 666666

Ioannou ’111066 vir inprobo· 1, 217, 11481, 1. 11616661 06660166 iota

21. 016666611616666666611218, 1810, 19. 166166 66116 quantun ,
10.289,17.1’6166660066668 61166116 60 6606 00666666 11481, t

obooooon 0616661111225, 18. 6661· 1. 61 Byzantio 1, 811, 1. 16666

ditari, 227 5. 1616666111 61166 (totoni, 06661611,
16666661666. vuigoni, 6666661616, s. 6
16611 6166606661611611, 79, 4. 1611· Varni 11, 559, 8. itinn 1661161161

tudo dbtnntinqno 6116111016 1, 811, 116661 1167, 14. Eruli 11, mi, 9.

10. 16166 61 Sclaveni 11, 881, 11. Cu·
1666 hino 666106 6661661666 16161111, 16616611185119. 61 16666666-

416, 7. uident Langobardi 11, 418, 12 ’

16666161861666681 11666. 16116666 od 616666 016166661179, 11Ι ’

161606 166616 61666 1660161, 1, 99, 7. 1610661 Corinthiaci 16111616 11714.
eino 1666166 11606661 1661161666 66 161616 11 80, 7. 448, 16.

Ι dedunt. 1016161. 116116 numunianum, 606660161616

1601166166666 666 016666 61666111, 676166181611161666 1, 814, 6, Gi-

57118. 61661116 6Τ66616 1, 88, 7. norici 1666661066 vexato 1, 885, 1.

114818. tenplum 1661 60 066616 060618661661666 Ponet. 11, 802,

 

