. IN LIBROS VIII. mmm 587

111-111111111111111111111 10. 1111111111 1111111 1111111111 11,
1111111111,111, 11. 188, 2. eapitur 1811111111 11,
11111111 1111111111 1111111. 11111. 111 2287.

..1111111111 1111111111· 1111111111111111111,111, f ,

1111 1181181111 111 11Ι11...11111111,11οορίο
1121111111ωὲιὶ 111 1111 1111101211, 11111111 1111111 (1111111-
1111, 126, 6. 1111111111 1, 1111, 187, 17. 111111 1111111111,
126, 22. 111111111111111111111, 219, 2). 111111 1111111111 obsidet 11,
218,2. 111111111111111111111111· 221,10.111111111111111111,225,2.
111111 1111911. ob 1111111111 111- 1111111111 11, 225, 12.
111111111,281,19. 1111111111 podiwa 111 11, 26, 16.

unu (11111111, 1111 1111111111 11111 109, 18.

11,171,19. , ’ 11111111.

11111111111111111,11111111111111111 11111111, 111 81111111 1111 Um·-
111. 11, 198, 8. 199, 9.500, 10. gari.

525, 9. Utamur, 1111111111 (81111111111

1111111118111111111111, 8111111118· 1111111, :quo 11111 1111111111 11,
11111 11, 82, 18. ’1111111 111111. 11, 176, 1.

187,18. , 1111111111 111111,11111 1111 0111111111,

11111111, 111 11181111111,Δ1111111 11 Μ111111111111111,171,11.11·
111111 1 , 198, 22. 11111111111111111,177,111111111

1111111181 11111111111111111111111- 1111111111,178, 16. 11 11 111-
111, 11111111 ,11, 827, 6. [111 11111· 111111, 179, 15, 11111 1116111111

...11111111111 111111111111111

0191111111111111111111Ῐη11111111- 111111111111111811ῗ585511151ω munim
1111.1,516,10.111111111111111111- 11116111 (11111111, 11111111 Ρ1111. 11,
dum Magistrum 111. 11111 1, 522, 606,21. Romanos 111111111, 607,
18. occiditur 1111 (1111111111 1, 9. 1111111111 1160118.

581,19. 0111111111, 8111111111 6111111111 ·

0111111131ῑά 1111, 1118111 111111· regn 111111, 11111111111111 11-
111111 11113111111,591, 1. 111111 1Τ11111111, 11 Langobardos

11111111, ubinam 1111 cim egerit II, confugit 11, 605, 2.
57,19.11111111 111111 1111011111- Vulgi Ingenium 11, 156, 8.

· 1111,78,6.111111111111111111 711111111111111111,151,10,152,21,

11111111 11, 575, Ι. 11111 11111 111ρί- 167, 5. 218, 15.
111 In 0111111111, 575, 18. 91111111 Τ111111 11111, 1111111111-
01μ11111111,111111111111- 11111128, 1511 11111111 Am·
11111, 257,12. . 1111111 11, 25, 9.
’1111111 (1111111111 111. 11, 81, 18. 111 hias, 1111111, 1, 157, 8.
0111111 ffitiosiuimi 1111111 1, 21, 21. 2111, dicta 81111111111111111, 501, 1.
11111 1111, 28, 211111111 11· phagano maligno responso (11111-
nouantur 11111 1111111 1,22, 6. 1οὸ11111111111111111111,118,19.

0111111111 71111111,196,8.Μ1- 1111111 11 Antiocheno· 11111111 1, “

1111111111 1111 11111111111111111111- 1911811111 111111111111111111-

111 11, 219, 17. 228, 22. uptun 111111, 269, 8.

1111111111, 281, 5. 1111111111ἕῖ 21111111 1111111. 869, 6.11 Zacyn.

11111111 11, 285, 12. 11111111 - thius (1111111111111111111, 100, 23.

111111 1111111 11, 217, 5111111111 211111 Rom. dux 1, 859, 16.

11111111 1111111111 1111111 nitito, anes 01111111 Persarum 111ςὶ1 61111

11,265,7.11111111111111ς11111111- 111111111111111111,11111111111

11111, 218, 21. 1111111111 ahmiu» 11111111111111,1119111.

11 11, 285, 21. 111111111111110111111111111111 1
0111111111 1, 15, 8. * 11111 11111111 1, 115, 12.
Urbim 111851. 1111111111,Ἇὸ 599,1.

 

