m LIBROS vm DE BELLIS. 499

11, 888, 8. 1111111181 mn 11111- Iustiniani 1, 287, 29. eum 111111-
811168118. 0111611181111- 111118111111811 1, 288 61111
1111166111 11111,590,15.111611111 1118111111,290,10.611111111111111
1quoe 1622 28. ’11111111 16· ,296, 6. ΙΙ, 546, 8. Poma 11186
11111111 11, 625, 8. sufficiunt 11111111, 298, 14.111111111111118
61111 11ξ 628, 16. 1111111111 praelium 11, 491, 17. 161161 11111
Ν111116,111161111111 861111111111, vorticibus nominali, 521 19. 548
687, 19. 111111 181111 onmem 20. filiun 6111 1111111116111111118
111111111687,19.1811111161111.11· 6101111111 nepos 11, 498, 9.
11111111 16 1611 1111111, 688, 21. 111·- 61181111, Ρη61111111111 11 402, 8. 404,
11... pn 1111111111, 1. 00· 11. ’
11111111, 111111 ,6111111111 1 (1118111181166111111111111, 11Τ11·
1116111161111. 1111116111 1642, 1111111181 111161, vandalorum rex
1111111611111111116111111111, 1111111111111111111111111184515.
64117. (1681111111 regen 1111111111 (111811111111811118111111. ’
111 111111 111611 1116111101, 168, 5. (1111616111111161111 11111111118111
0111611111 11111116 1611111611 11111 1111181111111111 111111 1, 57, 9.
1813111111 1811611111 templu 11611 282, 17. in 1111111111 1111116, Per·
88111191183111 118181111881811ΫΜ
(111111111111111111 81111111 811111111- amandes 0111111111, auctor
11111161 roo· 1145, 17. Annua 1111181611 regem 111111 sententiae
11111111 ,81116 1111111111154, w, 14. moritu 811 1116111111,
18.11111,196,19. 11112816. 88,11.
v 11276, 16. 11112811111111, Gaza: 11811111111 Gaza.
800, 281111 11, 808, 10. 1¹ 11, 815, Η6111111Ρ111111111111111111111111111 811-
18. x 11, 824, 1811 11, 840, 8. 111 16 1111161, 44114. Hebraei incolae
11, 882, 8. xm 114014. 111111, 16111111 insulae 16 86811111 Iustiniana
482,1. 1111449,5.11111,669, l 99, 91181118111.
11.111111,166,11.1ωι11,6111 11811 flu 11, 411. 6.
(161111 11611118111 1181111111811. Helenae palatium Byzantii 1 125, 8.
(111ῗίῖῖἓί nlupffintiz 1, 0115111· ΗῖΙέοιὲἓῃῑὸιι 11111ἰ11Μ11111111 efficit
(1111111111111111111’11111111,168, 19. 11611111111181011111111811118 1113181111.
et 1 (11161111 1, 885, 5. teme 1111- 11111111181161Η61161111111ο111111,
118111 1111111111, 59119. Graecia 61 811111116111 regem 11111 1,
11111 ’18111111111181111 131111.,1111111111111
81111 11 11111161 11, 98, 8. 818, 22. 1111111111 11111111 1111116111 petitu 1·
861110. 868, 7. 581, 18. 106, 4.
(1111111111 1111116 1, 882, 19. 11111111 11811111111 Helua.
0111111111111111111,28,16. Η6111161,6111116111111181111,1863
11111111111111111111111111, 11. ’
19, 8. 11611116118Ρ11111111111111111111111,468,
Gregorius 1111811111 patruum 18 14.
(11111188111111111 11681111 11111- noradin· 7118111118 Τ111111111116-
?15215'534Mdmipoelmnitur 23922119: 887, 5. 8811111111 16811 1,
Ι1 · 1 ·,
111111111111111 1111..“1.111.11111111
11811, 87, 1. 1186 abscedit 11, alteru 1811111 Gadibus 1, 810, 12.
,2. 1 111611111111111111,810,18.
61111161, 1111118111 8161111111, 111111 111111111111111111111 rex uxorem
81111 11111161116111,11111 1111116- 811111161616111 Τ11618681111 Franco·

mendi? accipiebat 1,.291, 8. 1111111ς1111,560, 18. 11111111 augur
811 111 1111111111 :vaput 1811- 1116 11, 5611, 4. 81811111 filio 11111·
1111116, 1, 215, 9. 111 fidu 111111 81111111111111111111111111111119111·

 

