528 , INDEX msToRlcUs

816161116111161661661, 51628. 1, 107, 17. Pom 616111φοὶ16
8161111 1116611, 01161161166616166616· 6661666166116161 1, 108, 10. 6166·
61161, 886, 1. 61116 ρ16616116116111 66116166 61111111, 110. 12. 111 11166-
Lilybaeon 6661061161016611161, 616 16661161 6161 6611616616 6111661 1,
81611. 6616 16616118616611661, 159, 8116116166661611611, 162,8.
169, 7. 8166116 16166166 Τ61111611, 111 6116611161 1611 1, 162, 5. 166, 7.
811, 6111661116 166161 11, 115, 8. 86161, 1166666666111 187812.
1666 6116666111 061161 11, 158, 20. 861 11661616 6611116 6 81661661 6611-

› 166161 gome 16 11166666 11, 585, 11111, 104, 8. 011666 6. Persis

8. quio 16 11616 816616 66661661 66616161,1,19,8.61066616661661·
661666 11,186, 10. 66111, 199, 6. 1616 6666 6161116
81666 6166. 157. 6. 1166161111 1, 169, 15. per 6166 11..
Sigeum 1, 866, 26. 666 6661611 1611616, nequo oritur
8666116111 66111161, 218, 18. ox hyeme 16 Thule, 6166666 16611111
661616 ἒς31664616 0666666 hoino {nito 661166661661616111, 2⁰6,
161 , 1 .
811166618666011161 66616 6611161166 Sophanene provincio 1, 108, 1.
11, 61, 1. nomos 66116161 6116 86611166 1611 1611. 179. 6. 0611116666
6166111 6661ρί661 8611661166 11, 71, 66616611, 189, 81. inmun 1 6661-
’ 2 1616616111616616611, 1217. 116616 121, 6. .
81ἓ861861712166ξ616 1111 6 1161166161, 86ἑ161116116116166 16111166 1888,
6116116111. 11 66, 11116, 1. a· 11116161116661611,1511.
6161606661616116 Ι, 818, 9. Spoletium 1611616 6116161111 61166
8166616111 6611661116 l, 61, 9. w. 11, 189, 9. 66661 amphitheatrum 11,
611, 611, 296, 20. 619, 10. 871, 16. templumque 6666166666
8161116 1166661616 66116111161116- 11. 178, 12. 6661116 Constantino
66616 16161611, 860, 8111611616- Rom. 666111, 81,18. 6111111111 166-
11161 dux 111661111611111,665,11. 61616 11, 81, 11,161161616 86666
816666 6166 11, 168, 18. 11, 801, 8. 6161666Τ61116 11, 826.

8111111661 Tibur 61666611,160,6.(161- 18. Μ611116616616166161111,871, ,

11161 16166161 11, 161, 18. 11. 166116161 Ν1166611,629, 1.
8166111661161166 quanto 11111166 1111- ’8666611616116116 86166661 61 An·
8161111116.ι &ummo Protector 11, affl} {56⁹QO Noronio 11, 115,

8111. 12. quot 111616 66166 6161 1161· 6611-
811161661 116666116166 11, 80, 1816 661161 1, 112, 3. 61616661 ox 1611-
06666611111 1611116 1, 813, 9.11, 11611666 1111. 11,57, 16. ·
118, 8. 1260, 7, 1111611666 666 Stagirites diotm 6611111 Aristotele

06111111 bellant 11, 19, 1. 58, 7. 11,185,11.

8166611616 6661. 61116 Nisibin Ι, 181, 8166116111, portu· oosohogloin 1, 871,

17. 86666166616611, 285. 22, 11, 20. 898, 19.

191, 19. 816 61616166 161616166 dux 1, 90.
816611 ubi 111111, 80, 9. 11.

8161111666 16116111)ηοί 11, 826, 9. 816 61161 61661666 1166166666 66
8616161606111161, Alpion 0611111116 6611666 11661616 6611666166 116-

61616111 1161661116 6616161111, 2661. gntus 1, 271, 18.

. 8166616161Ιοιι11116611611,518,98. Stephanus Ν6666111111616111166161,
81116616, 611611166166 66666666 616116- 1161166116 obsidionem 6161116661 ΙΙ,

polio 1, 501, 7. 89.17. deditionem 166661 61116111
Sion, stipator 1661161161 66661111 11,11, 16. 6166 66611, 16616ρί666-

161661116116 1,.59, 10. 116ιί6161 1611 16111611 opud 8611111166 11,

:gmofssffisffie ior 1111116 8111116116 ’1611166 66 1661161666. lo·

1616. 61166166116666116611616 666 [6161618117.

1166161116 61 6161616166161, 78, 816616 Μ111161·811611611,8,62 11,

1. 01166116 61616616 iod 6166116 6661666616666116111161, 011166-

 

