mmmmm. 555Ι

Iseo . 849. 811551511151892.
1311411811418555555 mamam.
mum '31¹⁸st 1115555 894. ἓὶοὗγῑιιιί mellus 376.
11855155 458. 81555511515515555155 855. 885. 452.
Liber-tu· 1115555555 850. 421. 488. &mm 480.

460. 461. 468. sozomenus 354. 480. 481.
Lucinam 371. 8555515555 4284464465.

. Marcellinus (155555 852. 859. 865. 81451555595555855 898.

868. 870. 872. 877. 890. 898 418. Suetonius 872. 876. 881. 445. 465.

419. 486. 457. 8551855 847. 848· 849. 854. 880. 884.
11555155551555. 886. 404. “ “ 895. 408. 428. 481. 488448. 451.
5151115555 11585555 875. 405. 454.

Men-ader 1551555155 875. 40). 401. 85555155 879. 415. 457. 459. 466.

402. 419. 467. 468. ’1551551Ιί55555 880.
1855ρί55555 1515155515 848. 851. 864. Theodorus Lector 853. 856. 860.

857. 890. 481. 486. 447. 454. 868. 864. 884. 418 450.
8855515555 05111511 848. 868. 8731 ’1755515551 Μορ555515555 373.

424. 425. 464. Τ155551555558156115 851. 455.
111οὲ551ιὶ3 mmmm& m Τὶῗῖοὲὴιου aymam 857. 418.

V 8 . . .

384. 407. 468. 'theophanu 1555555 854. 855. 859.
Olym 15055555 11151. 851. 890. 861. 868. 870. 871. 878. 877. 879.
0555 155 8555151555 857. 859. 868. 888. 888. 885. 891. 404. 405. 406.

416. · 408. 409411419. 480. 425. 486.
0485 11555555 891. . 480. 431. 488. 485. 439. 441. 442.
hum ...5. 455 444. 445. 455. 455 454. 455. 455.

Palu 1555555 854. 425. 485. 464.
438 Theophila· 855 155 1551151551

14555515555595 481. 863. 868. 871. m 415.
Petu· (1515855856. 418.

Ρ51555411111555 442. ’1145515155151815555155414 446.
P 848181 pithom 388. 4595 ⁴4⁷· m·

Ρ11155155155 816. 151551551155155115465.

photius 8515155555 847. 851. 89). 7555855818.

418. vietor ’1555555515 850. 857. 859. 868.
Phoci-2 Tyrius 467. 867. 871. 878. 888. 891. 893 896.
8115155 876. 881. 486. 465. 418. 419. 425. 488. 441. 460. 462.
Ρ151555155366. 465. 715ςὶΙί51445.

555· 5555

“ 8515551411515155051551891.. 8551555155 11151. 860. 871.

955655855860. 25555555 860. 863. 868. 870. 871.
Pu 55115555 879. 398420. 878. 877. 895. 899. 409. 485. 487.Ι
naphta 751515555555 857. 858. 427. 442. 457. 459. 461.

Regu 81551415. zomon 11151. 446. 447. 455.

 

