498 INDEX 11161011Ιῦ116

319,9. 1111881188 1811111111 11111, 918111111,370,20.1111111811811·
(1818181118111111111323. 19. 11111,14,·1.11111(1181111881 811-
(181181111 (1111· 81111111ίί81, rex 918· 118111, 19, 2. 63, 8188 Τ11181111.
11181881, 323, 14. 1181 8811811, 8811 11881811· ιιι 91181111 88181-
325,2. 88811133.7.1111111111811,,.391
681181181311111118118181111818- 9111811 118181181811188111158, ,
1118181111,160, 10. 6. 188 9111111 811188 1818181811 ·
(1811811116118111111111811811,494. 8181111158,19.18111811811 811
1. 81111111 8111111, 1888111818 18 (11111161 1118118111 1
8118 18118111, 1,,4947. Numidiae 11. 73,3 111111 excedunt. 11111-
.. 811111.. 1111 1811111811
1111881811 811811 111 11111. 8111118 8111111.18,15.81111111111111
8111111111, 516, 2 18 1888111111 11, 33,6. 188811118181188111111·
11181111,51ο,1.8,181111510. 111888818111, 87, 3. 1111881818
13118111181881111111118811- 888111111811881111111193, 16.
1111, 521, ,7.8111118111111118881- 1881188181 incidunt 1195, 16.
11811811111118111,522,19.1111 188181 1111111 8811111.Ιῄ 105,
1181111181111111811118, 111118 11111 3111818111Μ41Ὓι1125.
1811811181111811118111523Λ,1181811118111118111111811111811·
1181111 11811. 1118111111 8811111 11811111, 117,.3 1181118 81118111
818111, 525, 6 881181881111 iubet 11, 125, 3. 18188 pugnandi 1111811,
15215 818111188811111811, 119,18.1111111111111111111
531 ,4.,.114096 1811181181 11,139,17.118· .
(18188,118111Ῥο1111118811,1,16, 811 66111111 11 Pauli 8111111
3821118. 8111111116017.111111181811111
81181811 91818111 11 0881111111 11,11181118111,167,17.818181181111 .
429,1.11811818111 1118818811, 181,.9
(1111111181, 1111181111 1181181 1, 404, 88111118181811818, 81111111811- i
19. 1111111136,.6 1118188888111181
(111181, 18 811181 111111 88881811, 1.191,4. 118111111, 217, 6. 811·
312,17.181811 origo, 1811111, 11811188 811188111118818111, 11111·
1188188188 1, 313, 2 antiq 811 11118111688111,234,17.18111118
11181313,8.11,,41615.118118118 11811 8111111,11, 249, 5. 253, 10.
8181111111811118111111181- 88181188811818118111111111111.
1811181,(111111, 312, 2011, 117, 11118111811811811 11259, 1. 111·
13. 1881111 1111111 1155,10.11, 1111111811111, 0881111111·
237, 6. 881811118111111818118111· 881188131111111811263,1.11-
. 1118111. 4461. 9188811181,8811 cepti, 1111181111 1811 1181 1111111,
9188881111811811188188811881 270, '1. 118111 111 ’1111111
1811111111ῒέ.ἱῖ 18381113111111.
11, ’,,319 1. 111811111111· 18 Ticino 1181881 01818111111111.
1111811.1·61’8.11,477, 21. 1181111111 2781111818811111111181111111
811.1111.111111111111 Theode- 2711188118888, 881118 8111111,
111811, 7,.7 1811111111 plerique Τ811118ἣ1111288,20.290,3
1181818811,7,16.473,3.111- 18111111111 Padum 8181181 11.
18111 18811118111,39,23. 11, 31, 296, 2. 11 8181111111 11, 299. 19.
111 11111118 31118888811118111, 11111118111111 111881118111,381,.1
9,18.1111111181111181181811118- 3733188811718181111111111-
81881 8883118111 1111- 1111111, 313, 13. 118818 88111181
1811116 8111111111118119111- 11,327, 11. 818111 81183634.
88118111811111181111 ,63, 11. 1118 111888191181111118 ,.340,3 118·
41111118818111111188111181 811-111181 311111118ωὼ1181111
8811 111 111 3811118811 78, 4. 8888811111,11,378,1.
1111111 81118111 349, 21. 8818- 8181111, 433, 51111111881111-
8111111 11111111 3111111118, 8111111 811811 1111111. 583, 118111ιί111

 

