560

guffimgopffigng. 1511, 41 ⁰AE

2.161,9.164,16.
’6611161616 16 6616616166 64111111 16-

61111, 271, 29 6611611 61161161116
ΙΙ,265,16. ’66111616111Ρ1661 11,
6631116113, 0666161616611111, 195,

6616661166661, ’61166116 616111,
85114. 1611161116 6661611 6 661166·
116 981,11.

’6661661ἰί 1, 618, 2⁰. 11, 8,1.

61611· 16 Α61116666,611 016666161111
1, 86, 6. 64, 19. 61611· 16 6611161,
611 61 01616616666 11,460,1.

661166 11661 quan 16666616611611,
47, 16. 71, 7. 84 8

169666166116661.

66161961666661661.11,6ω,19.6611
mortem 6611166, 161616616611, 626,
1616 666166666161666666166-
66611111, 668, 18. 616666111166611
1166116 1116161111 11, 688, 6. 16 (1611-
666166 66Ρ616161111,696, 6116161-
6611 161116616611 ostendit 11 6166116
11,689,19.66616116111641,1.

6616661, 6166616116· 1111616161 11, 118,
20. 1116161611 6111161 11, 894, 4.

66616161, 1111661666 16161661616116-

6616111111.. mom,

damni„ 66116 16116 61666-
11661,659,15.666116661611111616
6661611166489, 17.

’6611661666 6166 6111661116.

’66116666161 1161161111, 594, 19. 11-
161116661116166611,898,5. 161166-
16616 66111110 66666166 4611661111,

’6611611166 1161111, 0111111661, 61111616
611111, 474, 17. 6 11666611616111
61666 66166111, 76, 8. 66116666
661661666111476, 14. uomodo

66116111479,19. 11116161

1661 ,479, 6. arma nouitatem
0166611111, 568, 14.

’6661611 16 66116111, 898, 19.
’1·116ιὶ6661611611111,,,468, 19. 410,

'rhum 61611666 111111 61161116
egregio 1116111, 158, 4.

’1161611161 6116611116 161661 61161.
1,,18610.16161161166111,188,
21. 6611611116ΙῬ 16611 m 1,

D

mnnx fflsmmcvs

2949986221461116116661116
166616611611661, 261,17.

’6166111111 111166 4661601166 6616111

’6166161111 116611 1111166, 6111661-
11611166161611,16,19.60,19.
116616666116611166191616-

1666111117,1.66111111161611116-

6611661616 16116666666161111166-

61611, 17, 11. 6166 11666161 11, 21,

11811, 18161661616166111161

466611611611, 99, 6. 16 66166166

11166 66611611 11, 26, 16. 61 66611111

11,95,9.461611561666661616611-

6116616116 616616616116,1166616,

66116166 16561111, 69, 16. 661166

666161616611666111611661 61 vi-

1166111 11, 64, 91. ad 1616111166

1666161611111 11, 96, 7. Petrum

16661616 6661611, aquo 1611616616-

16611616111,25,17.6616161666-

6116116111, 99, 661

6616666616111111111 1, 16161

661116116666166116 11 ,64, 15. 661616

6611111161166616111, 65, 4. 1666-
16116611166166111661111,66, 14.
11161666 6116661616 1611116, 1111111111
16111 611166 166161661161111, 45,
8. 661166 611166· 611 6161161111
6611616 61611111 6111611111 11, 71. 7.
161116666661116116661161··111,46,

4,16161111611666,16666 1661161116
11, 57, 666111161,616116166661

16666116111, 58, 20.6116116116116 ’

6116611611. 11111. 6161 firm ’616666-
11161166166661611166116611, 699.

’116666161166 61666616116 66111 6116-

6661116 1666666116661616 11, 567,
51161161161166116 16166 6661 11,
589,10.16661166611 611Ρο 116661616-
1611ιί111111,,590 11. 661661161-
1161616 1661 1161111611 66611. 11,

685,4.

61ωᾶ6161166 6166661116 161 1616166

1666 6611166616 166611 4116111166
6111661116166 1661 ’,11 70,1.661·

666 66 4116611666 6661661666 61· ,
61611111 16116, quo 4661611666 161- 1

116111666661 6161 06111616 6661·

66111, 10, 14. 66161611 66611 6616-
61611. 14111. 6116 0166616116 61 011-

16116 6611661 (1611161166-

666166611161111,7 7.8,2661“ 661· ’

1161161 1661161166 11 (1611166 11, 97,
17. 76, 7.(161116661161666611611161
ΙΙ, 196, 41 ’6661611166166
6111611, 24 , 1116111166, 661111

66116 161111 61116616ιαί66 11, ξ

 

