1NDEX 9119999

m

mmm, 111, 19. 11191, 11, 191, 1. ..ὅ Qu,
(18191989 99919691, 252, 4. · 11, 112, 4. 911019 8199999-
dm 9991 99991191199111, 11812. 9991126812. 9919 2991921199
11119 9 ¹· 1 11111111· 1911·
17119 ’1 W 91, ι11111111 9108191119111911. ’
112181718121. 191 8. 277, 119(1.9.1919).91’9 9891999119 1,58,
, 19191, 1919111. 11, 11, 11. 9. 191, 1. 11119. 11919. 191.
66, 1. OM. 811217. 9214. 8243, 1. 295,8. Ἰ6111217. 111,
189, 8. 2452. 278, 15. 19218. 248, 2 919 99919 mm
{75th 1, 271, 7. 1, 1815. (1111194χὲ111.)28,9.
113111111111111 111,,111111011111. 1111113151.
91919111, 119, 9. 1. 91911. 191, 19. 191, 11. 1191,
taxatam · 11, 135111, 18111, 11111, ’.τ
919891919899999191911199919991· 899, 6. (ww Pur.) 688. 12. 111,
9911. 11,.11, 19. 11, 8. 9919. 1911. 91,11. 19,
«landrum Ι, 158, 4. “ 18. 8421. 87, 6. 86, 2. 110,18.
9,...99991111999 8. 1145. 11911. 191, 1, 191, 19.
9119μή111 11, 89, 9. 2482. ην cum 91119 optativis 1,
2111181181ἥὲ ¹· ’Μ 11 1111131. 1111 ι1111.ῗὲ
9919181111, 102 11, 1. ’91911 1919. 91, 11Ῐ
²⁰⁸· 111. 111· 1· 111
9119899139ῶῖτῖ 11. ’111, 1. 1199. 199 11. 111,
919999119150416. 11,402,10. 8. ἦν eum indicativo 1, 88, 15.
1111989999. 111999 1119901199 9999τᾷ 119, 20. 184, 5. 280,11. 258,19.
1, 514, 5. 27813. ³26, 19. 22. 355,9. 11,
&myrum 11, 211119. 100,4. 281, 9. 11, 292, 7. 278,
2999891919 mdc 478. 20.111,71,18. 98,15. 11919
ur. 0999119989 991991811ηᾶ9991 99 98, 9. ἢν 911 11, 288, 19.
0119999911 111, 274, 18. 911819 89 11998991199,1199189919991911, 428, 7.
amem 11, 199, 19. 06- 99 9999919911, 119, 19.

ἢ

 

