sao · 16661 16 nonus Ι

chronicon 0616166666 440. Gregorius Nasisnsans 873 380.
chronicon Vsiioannn 409. 437. 459. 466.
460465. Gregorius Secundus 867.
016666 348. Gregorius Turonensis 377. 410.
Codex 1661161666116367.383.336.398. Guidus 7666116166348.
405. 410. 431. 447. 448. (1111161666 Budaeus 364.
0611661, 81616616. 863 373. 1166116116 41116661 407.
Concilium 8611161166 898. 1166111166 acusagorus 353. 445.
concii. 0861664666666 373. 434. 456. 447.
459.461.11611666166116666γ1816 430.

0166116161 398. 399. 439, 116616816611666661. 379.
446. Hesychius 8111661166 381. 398. 408.

066611. 01). snb 81666406. 467. 433.
066611. vu. 08. 353. 1116166166 Propheta 373.

066611. ii 661666 353. 404. Hieronymus 1168666 383
0666111 1666111116 11. 853. . Historia 811666116 877 383. 485. .
066611.Τ16116666 398. 434. Habonius (1111866166 351. 368 336.
066616611611611616666116106445. '434-
Constantinus Magnos 161 386 404, 146861106061866868.
Constantinus 816666666 71666861 81111116 466.
0666666661 1161181166371 431, lacobus 06166166 378 445.

455. . ..1666866 (4661666166 396. 438.
(16116 ppos 357. 363. 366 875. 393. 1411101430

398. 899 1004101111,411,111.11116666166 Musonianus 871. 431.

469. 455. 467. 433. 438 467.

0611161166 0616116436, 1616111166Ν6661161116353.
01111166 scythopolitanus 957. 369. 1116681666 0666161166 419.

363. 869, 378. 891. 398394, 405. loannes 4666686666400. 454.

406.407.481.489. 4334434113 1666666 3161166613ὁό. 431.

456. 457 461. 463. loannes christophorsonus 353. 378.
Digesta 893435. 446. 381. 416.

Dio 0666166 348. 378, 376. 373. 166666081166616666 3811393.

381. 443. loannes [epiphaniensis 4034184311.
Dionysius Byzantius 344 457.
916611168616116645916666681661611616415.

Dioscorus 4161660116116404. Ioannes Leunoisrius 393.
Dorotheus 10157. -1666666 816166166 447.
3681666166 081666816363. m 1666666 Μ66661116 364
81111 ii? iiim 1311111133
1466161 'us 347. 353. 360. 363.1 365. 1666666 Τ661666 356

863. 370. 871. 378. 374. 377. 381. 1666666 36661661 side zoom

391. 393. 396. 411. 418. 419. domandos 358 360. 363365. 368.

481. 433. 435. 434. 441. 443, 446. 898. 418. 430.

447. 450. 457. 461. 465. 469. 16681 6166 461
Eune 166 Sardianos 447. Isidorus Hispalensis 351. 438.

E 166 066661166616487, 1111111666 antecessor 445,
1466616166 Presbyter 377. 383435. 1611661164 61616 376. 455.

489 441. 1611666666 166 Graecus 410. 439.
Facundos 1161616666616481. 438. 1666616666 853. 355. 360 363. 330.
1116661661161116666367.Ι 888 385. 386. 389. 398. 395. 397.
Geo rus cedrenus 363. 376. 884. 398. 399. 405. 406. 408. 409. 410.

.396. 485. 433431. 435. 418 481 483. 435. 487 439 430.

443. 447.. 438, 445. 446. 450. 461. nisisi.

(16611616 3116611166 376. Iustinus 3611161 387

Gregorius 61606354. ossius. 1166116116 insessas 406. 441.

 

